seeds: 763445965 78570222 1693788857 146680070 1157620425 535920936 3187993807 180072493 1047354752 20193861 2130924847 274042257 20816377 596708258 950268560 11451287 3503767450 182465951 3760349291 265669041

seed-to-soil map:
0 1894195346 315486903
1184603419 2977305241 40929361
1225532780 597717 4698739
1988113706 1603988885 78481073
679195301 529385087 505408118
1781158512 2285166785 39457705
352613463 2324624490 326581838
1820616217 1738931330 104130014
2066594779 2671974456 78036460
1288754536 1682469958 56461372
1371340411 3442489267 409818101
3341036988 1092718505 511270380
315486903 1857068786 37126560
1924746231 2209682249 49360033
1345215908 2259042282 26124503
2917167497 2651206328 20768128
1230231519 1034793205 57925300
2144631239 3421335965 21153302
2689873172 2750010916 227294325
1974106264 1843061344 14007442
2165784541 5296456 524088631
1288156819 0 597717
2937935625 3018234602 403101363